{"name":"italy_traf_sign_keep_right.dae 5- single -5","class":"TSStatic","__parent":"Road Architect - Road 5","position":[103.847641,190.998871,0.0210001096],"decalType":"None","isRenderEnabled":false,"rotationMatrix":[-0.995723605,-0.0923821479,6.10389179e-08,0.0923821479,-0.995723605,-3.17644954e-05,2.99525027e-06,-3.16230216e-05,1],"shapeName":"/art/shapes/garage_and_dealership/Clutter/italy_traf_sign_keep_right.dae"}
{"class":"DecalRoad","persistentId":"ac5432ae-5667-4ec5-a0ee-ca733ee7b697","__parent":"Road Architect - Road 5","position":[118.792412,153.680374,0],"autoLanes":false,"drivability":1,"improvedSpline":true,"lanesLeft":0,"lanesRight":0,"material":"road_invisible","nodes":[[118.792412,153.680374,0,3.5],[118.790817,155.680374,0,3.5],[118.77948,157.863373,0,3.5],[118.364349,159.437393,0,3.5],[117.727249,161.221603,0,3.5],[116.878372,163.368973,0,3.5],[115.858116,165.81636,0,3.5],[114.710144,168.486557,0,3.5],[113.479477,171.297958,0,3.5],[112.211746,174.167099,0,3.5],[110.95298,177.009476,0,3.5],[109.749512,179.739777,0,3.5],[108.648094,182.271622,0,3.5],[107.696243,184.516525,0,3.5],[106.943306,186.380356,0,3.5],[106.435455,187.773773,0,3.5],[106.079491,188.891998,0,3.5],[105.696373,190.429947,0,3.5],[105.536736,192.119705,0,3.5],[105.566071,193.152573,0,3.5],[105.596451,194.294479,0,3.5],[105.593826,197.639908,0,3.5],[105.591171,200.973236,0,3.5]],"oneWay":true,"renderPriority":13,"textureLength":36}
{"class":"DecalRoad","persistentId":"a9fcc45a-afea-4df3-a454-97023c3c3ed0","__parent":"Road Architect - Road 5","position":[104.041176,200.972,0],"improvedSpline":true,"material":"m_line_white","nodes":[[104.041176,200.972,0,0.25],[104.043831,197.638672,0,0.25],[104.046478,194.303955,0,0.25],[104.016632,193.194321,0,0.25],[103.9869,192.097137,0,0.25],[104.048248,190.990707,0,0.25],[104.340881,189.358032,0,0.25],[104.969711,187.269699,0,0.25],[105.497696,185.821152,0,0.25],[106.264542,183.922623,0,0.25],[107.224068,181.659546,0,0.25],[108.329735,179.117905,0,0.25],[109.53521,176.383041,0,0.25],[110.794243,173.540054,0,0.25],[112.060646,170.673935,0,0.25],[113.288246,167.869537,0,0.25],[114.430939,165.211655,0,0.25],[115.442665,162.784821,0,0.25],[116.277542,160.673096,0,0.25],[116.890045,158.958923,0,0.25],[117.238113,157.700043,0,0.25],[117.240814,155.679138,0,0.25],[117.241615,154.679138,0,0.25],[117.242409,153.679138,0,0.25]],"renderPriority":1}
{"class":"DecalRoad","persistentId":"948e21c0-3f72-4855-84a1-d044565f53f6","__parent":"Road Architect - Road 5","position":[107.141174,200.974472,0],"improvedSpline":true,"material":"m_line_white","nodes":[[107.141174,200.974472,0,0.25],[107.143829,197.641144,0,0.25],[107.146423,194.285019,0,0.25],[107.115509,193.11084,0,0.25],[107.13443,191.28302,0,0.25],[107.349739,190.104202,0,0.25],[107.901199,188.277832,0,0.25],[108.388916,186.93956,0,0.25],[109.127953,185.110428,0,0.25],[110.072121,182.883713,0,0.25],[111.169296,180.361649,0,0.25],[112.370758,177.635895,0,0.25],[113.629257,174.794128,0,0.25],[114.898308,171.921997,0,0.25],[116.132042,169.103577,0,0.25],[117.285294,166.421066,0,0.25],[118.314079,163.95314,0,0.25],[119.176949,161.770111,0,0.25],[119.838654,159.915863,0,0.25],[120.320854,158.026703,0,0.25],[120.340813,155.68161,0,0.25],[120.342407,153.68161,0,0.25]],"renderPriority":2}
{"class":"DecalRoad","persistentId":"03c0f6f2-30c0-4e5e-8837-be7a4ddb99f6","__parent":"Road Architect - Road 5","position":[116.542412,153.678574,0],"improvedSpline":true,"material":"m_road_asphalt_edge","nodes":[[116.542412,153.678574,0,2],[116.541611,154.678574,0,2],[116.540817,155.678574,0,2],[116.542007,157.626282,0,2],[116.224236,158.742844,0,2],[115.622841,160.425385,0,2],[114.794281,162.521011,0,2],[113.786407,164.938553,0,2],[112.646103,167.590881,0,2],[111.419884,170.392105,0,2],[110.154076,173.256882,0,2],[108.89492,176.100143,0,2],[107.688538,178.837067,0,2],[106.580956,181.383118,0,2],[105.617966,183.654404,0,2],[104.844833,185.568619,0,2],[104.307755,187.042053,0,2]],"renderPriority":3,"textureLength":18}
{"class":"DecalRoad","persistentId":"1a6c96e5-c4d0-4021-9610-69f99c86b2a0","__parent":"Road Architect - Road 5","position":[107.841171,200.975021,0],"improvedSpline":true,"material":"m_road_asphalt_edge","nodes":[[107.841171,200.975021,0,2],[107.843826,197.641693,0,2],[107.846405,194.280731,0,2],[107.815254,193.091995,0,2],[107.831314,191.34903,0,2],[108.02916,190.27269,0,2],[108.563156,188.505478,0,2],[109.041771,187.192108,0,2],[109.774529,185.378647,0,2],[110.715233,183.160126,0,2],[111.810486,180.642502,0,2],[113.01104,177.918808,0,2],[114.269417,175.077316,0,2],[115.53907,172.203812,0,2],[116.774185,169.382217,0,2],[117.929825,166.694153,0,2],[118.962463,164.216949,0,2],[119.831657,162.017822,0,2],[120.504463,160.131943,0,2],[121.016953,158.100464,0,2],[121.040817,155.682159,0,2],[121.042404,153.682159,0,2]],"renderPriority":4,"textureLength":18}
{"class":"DecalRoad","persistentId":"5971d6e5-ee54-4c5f-9838-4fbe78b16c16","__parent":"Road Architect - Road 5","position":[105.591171,200.973236,0],"improvedSpline":true,"material":"m_tread_marks_clean","nodes":[[105.591171,200.973236,0,3.5],[105.593826,197.639908,0,3.5],[105.596451,194.294479,0,3.5],[105.566071,193.152573,0,3.5],[105.536736,192.119705,0,3.5],[105.696373,190.429947,0,3.5],[106.079491,188.891998,0,3.5],[106.435455,187.773773,0,3.5],[106.943306,186.380356,0,3.5],[107.696243,184.516525,0,3.5],[108.648094,182.271622,0,3.5],[109.749512,179.739777,0,3.5],[110.95298,177.009476,0,3.5],[112.211746,174.167099,0,3.5],[113.479477,171.297958,0,3.5],[114.710144,168.486557,0,3.5],[115.858116,165.81636,0,3.5],[116.878372,163.368973,0,3.5],[117.727249,161.221603,0,3.5],[118.364349,159.437393,0,3.5],[118.77948,157.863373,0,3.5],[118.790817,155.680374,0,3.5],[118.792412,153.680374,0,3.5]],"renderPriority":6,"textureLength":36}
{"class":"DecalRoad","persistentId":"60a2e5e1-c6ef-45a2-aec2-be32fe4462e2","__parent":"Road Architect - Road 5","position":[105.591339,191.136856,0],"improvedSpline":true,"material":"road_patches1","nodes":[[105.591339,191.136856,0,3.5],[105.845306,189.731125,0,3.5],[106.435455,187.773773,0,3.5]],"renderPriority":7,"startEndFade":[2.5224061,2.5224061],"textureLength":26}
{"class":"DecalRoad","persistentId":"ead007b6-3bff-41d0-9db6-affa3f853e5c","__parent":"Road Architect - Road 5","position":[118.790817,155.680374,4.2100091],"improvedSpline":true,"material":"road_patches1","nodes":[[118.790817,155.680374,4.2100091,3.5]],"renderPriority":8,"startEndFade":[0.649999976,0.649999976],"textureLength":26}
{"class":"DecalRoad","persistentId":"265b0084-7644-4f1f-9fdc-985cf815d63d","__parent":"Road Architect - Road 5","position":[118.790817,155.680374,4.2100091],"improvedSpline":true,"material":"road_patches1","nodes":[[118.790817,155.680374,4.2100091,3.5]],"renderPriority":9,"startEndFade":[0.649999976,0.649999976],"textureLength":26}
{"class":"DecalRoad","persistentId":"a6e06dbe-e412-4532-a4fe-f40967bb7692","__parent":"Road Architect - Road 5","position":[118.791611,154.680374,4.2100091],"improvedSpline":true,"material":"road_patches1","nodes":[[118.791611,154.680374,4.2100091,3.5]],"startEndFade":[0.649999976,0.649999976],"textureLength":26}
