{"name":"Sidewalk_41_1","class":"ProceduralMesh","__parent":"Road Architect - Road 41"}
{"name":"Curb_41_1","class":"ProceduralMesh","__parent":"Road Architect - Road 41"}
{"name":"Sidewalk_41_3","class":"ProceduralMesh","__parent":"Road Architect - Road 41"}
{"name":"Curb_41_3","class":"ProceduralMesh","__parent":"Road Architect - Road 41"}
{"class":"DecalRoad","persistentId":"3dbd4d0c-096f-4155-9d67-a92c9ec04306","__parent":"Road Architect - Road 41","position":[88.4953003,119.747971,0],"autoLanes":false,"drivability":1,"improvedSpline":true,"lanesLeft":0,"lanesRight":0,"material":"road_invisible","nodes":[[88.4953003,119.747971,0,3.5],[88.4953003,117.747971,0,3.5],[88.4953003,115.747971,0,3.5],[88.4953003,113.747971,0,3.5],[88.4954834,111.723,0,3.5],[88.6036606,106.142097,0,3.5],[88.6042557,104.166565,0,3.5],[88.6050339,102.166573,0,3.5]],"oneWay":true,"textureLength":36}
{"class":"DecalRoad","persistentId":"fb7b77ef-13c1-4415-9e2c-b4d54d6e0795","__parent":"Road Architect - Road 41","position":[90.1550369,102.167175,0],"improvedSpline":true,"material":"m_line_white","nodes":[[90.1550369,102.167175,0,0.25],[90.1542587,104.167168,0,0.25],[90.1535034,106.164375,0,0.25],[90.0453262,111.745117,0,0.25],[90.0453033,113.747971,0,0.25],[90.0453033,115.747971,0,0.25],[90.0453033,117.747971,0,0.25],[90.0453033,119.747971,0,0.25]],"renderPriority":1}
{"class":"DecalRoad","persistentId":"52f06741-31f4-4c8a-8da1-a9aa1dd2a000","__parent":"Road Architect - Road 41","position":[87.0550385,102.165962,0],"improvedSpline":true,"material":"m_line_white","nodes":[[87.0550385,102.165962,0,0.25],[87.0542603,104.165962,0,0.25],[87.0538177,106.119827,0,0.25],[86.9456406,111.700882,0,0.25],[86.9453049,113.747971,0,0.25],[86.9453049,115.747971,0,0.25],[86.9453049,117.747971,0,0.25],[86.9453049,119.747971,0,0.25]],"renderPriority":2}
{"class":"DecalRoad","persistentId":"9d22cb63-bac1-470c-922e-c8c7f64aa061","__parent":"Road Architect - Road 41","position":[88.6050339,102.166573,0],"improvedSpline":true,"material":"m_tread_marks_clean","nodes":[[88.6050339,102.166573,0,3.5],[88.6042557,104.166565,0,3.5],[88.6036606,106.142097,0,3.5],[88.4954834,111.723,0,3.5],[88.4953003,113.747971,0,3.5],[88.4953003,115.747971,0,3.5],[88.4953003,117.747971,0,3.5],[88.4953003,119.747971,0,3.5]],"renderPriority":3,"textureLength":36}
{"class":"DecalRoad","persistentId":"9dfdf54f-3649-4caf-90d8-69699db96a0a","__parent":"Road Architect - Road 41","position":[88.4953003,115.747971,0],"improvedSpline":true,"material":"road_patches1","nodes":[[88.4953003,115.747971,0,3.5],[88.4953003,117.747971,0,3.5]],"renderPriority":4,"startEndFade":[1.29999995,1.29999995],"textureLength":26}
{"class":"DecalRoad","persistentId":"8353542f-29de-45bb-967e-f721d0e54859","__parent":"Road Architect - Road 41","position":[88.6046448,103.166565,4.21000814],"improvedSpline":true,"material":"road_patches1","nodes":[[88.6046448,103.166565,4.21000814,3.5]],"renderPriority":5,"startEndFade":[0.649999976,0.649999976],"textureLength":26}
{"class":"DecalRoad","persistentId":"c5e97161-ec9b-4229-bca1-8c304157bec8","__parent":"Road Architect - Road 41","position":[88.6046448,103.166565,4.21000814],"improvedSpline":true,"material":"road_patches1","nodes":[[88.6046448,103.166565,4.21000814,3.5]],"renderPriority":6,"startEndFade":[0.649999976,0.649999976],"textureLength":26}
{"class":"DecalRoad","persistentId":"33c6bcab-d3c7-4628-a67b-5c6b262e9519","__parent":"Road Architect - Road 41","position":[88.4953003,115.747971,0],"improvedSpline":true,"material":"road_patches1","nodes":[[88.4953003,115.747971,0,3.5],[88.4953003,117.747971,0,3.5]],"renderPriority":7,"startEndFade":[1.29999995,1.29999995],"textureLength":26}
