{"class":"DecalRoad","persistentId":"08d1b581-99d7-4108-b104-e407c07b1c50","__parent":"Road Architect - Road 30","position":[102.091171,200.970444,0],"autoLanes":false,"drivability":1,"improvedSpline":true,"lanesLeft":0,"lanesRight":0,"material":"road_invisible","nodes":[[102.091171,200.970444,0,3.5],[102.093826,197.637115,0,3.5],[102.096519,194.294128,0,3.5],[102.122314,193.160263,0,3.5],[102.147308,192.113541,0,3.5],[102.103928,191.101257,0,3.5],[101.99836,190.099686,0,3.5],[101.82338,189.108292,0,3.5],[101.446335,187.725388,0,3.5],[100.960365,186.35463,0,3.5],[100.198006,184.475861,0,3.5],[99.215683,182.203751,0,3.5],[98.0673599,179.636993,0,3.5],[96.8047256,176.866821,0,3.5],[95.4785004,173.98175,0,3.5],[94.1389084,171.068924,0,3.5],[92.835762,168.214554,0,3.5],[91.6184616,165.503693,0,3.5],[90.5356827,163.01947,0,3.5],[89.6346359,160.84024,0,3.5],[88.9588165,159.029404,0,3.5],[88.5198059,157.427689,0,3.5],[88.5096512,155.235382,0,3.5],[88.5100632,153.235382,0,3.5]],"oneWay":true,"renderPriority":12,"textureLength":36}
{"class":"DecalRoad","persistentId":"c9eb466c-05e9-47f0-8f16-84c8030687f6","__parent":"Road Architect - Road 30","position":[90.0600586,153.235703,0],"improvedSpline":true,"material":"m_line_white","nodes":[[90.0600586,153.235703,0,0.25],[90.0598602,154.235703,0,0.25],[90.0596542,155.235703,0,0.25],[90.0604553,157.257675,0,0.25],[90.4269104,158.532211,0,0.25],[91.0759277,160.270004,0,0.25],[91.9619446,162.412613,0,0.25],[93.0357513,164.876175,0,0.25],[94.2477036,167.575073,0,0.25],[95.5480118,170.423218,0,0.25],[96.8867798,173.334244,0,0.25],[98.2140732,176.221664,0,0.25],[99.4799194,178.998886,0,0.25],[100.634277,181.579178,0,0.25],[101.626999,183.875473,0,0.25],[102.407684,185.799866,0,0.25],[102.925636,187.262619,0,0.25],[103.333344,188.75827,0,0.25],[103.532944,189.881622,0,0.25],[103.649681,190.986633,0,0.25],[103.697227,192.097748,0,0.25],[103.671906,193.195847,0,0.25],[103.646484,194.303909,0,0.25],[103.643829,197.638351,0,0.25],[103.641174,200.97168,0,0.25]],"renderPriority":1}
{"class":"DecalRoad","persistentId":"f9347739-178e-4789-83c2-ffee199cfef8","__parent":"Road Architect - Road 30","position":[86.9600601,153.235062,0],"improvedSpline":true,"material":"m_line_white","nodes":[[86.9600601,153.235062,0,0.25],[86.9596558,155.235062,0,0.25],[86.9791565,157.597702,0,0.25],[87.490715,159.526581,0,0.25],[88.1933365,161.410477,0,0.25],[89.1094208,163.626328,0,0.25],[90.2011719,166.131226,0,0.25],[91.4238205,168.854019,0,0.25],[92.729805,171.71463,0,0.25],[94.0702286,174.629257,0,0.25],[95.3953781,177.511993,0,0.25],[96.6548004,180.275101,0,0.25],[97.7970886,182.828323,0,0.25],[98.7690125,185.076263,0,0.25],[99.5130463,186.909409,0,0.25],[99.9670258,188.188156,0,0.25],[100.313423,189.458328,0,0.25],[100.558174,191.215866,0,0.25],[100.572723,193.12468,0,0.25],[100.546547,194.284348,0,0.25],[100.543831,197.63588,0,0.25],[100.541176,200.969223,0,0.25]],"renderPriority":2}
{"class":"DecalRoad","persistentId":"e3908855-e2d6-424f-b6c7-ca066c1a090b","__parent":"Road Architect - Road 30","position":[103.593712,187.053635,0],"improvedSpline":true,"material":"m_road_asphalt_edge","nodes":[[103.593712,187.053635,0,2],[103.06131,185.549332,0,2],[102.272354,183.604324,0,2],[101.274933,181.297104,0,2],[100.117844,178.710709,0,2],[98.8505478,175.930298,0,2],[97.5227737,173.041809,0,2],[96.1843796,170.131607,0,2],[94.8853607,167.286285,0,2],[93.6758194,164.592773,0,2],[92.6060638,162.13855,0,2],[91.7268372,160.012482,0,2],[91.08992,158.307678,0,2],[90.7562256,157.180893,0,2],[90.7596512,155.23584,0,2],[90.7598572,154.23584,0,2],[90.7600632,153.23584,0,2]],"renderPriority":3,"textureLength":18}
{"class":"DecalRoad","persistentId":"374aa7e8-efe4-4479-8468-49e715f3a8a8","__parent":"Road Architect - Road 30","position":[86.2600632,153.234924,0],"improvedSpline":true,"material":"m_road_asphalt_edge","nodes":[[86.2600632,153.234924,0,2],[86.2596512,155.234924,0,2],[86.2833786,157.674484,0,2],[86.8277054,159.751114,0,2],[87.5424271,161.667999,0,2],[88.4653091,163.900406,0,2],[89.5611115,166.414627,0,2],[90.786171,169.142807,0,2],[92.0934372,172.006241,0,2],[93.4342346,174.921677,0,2],[94.7588959,177.80336,0,2],[96.0168686,180.563278,0,2],[97.1564407,183.110397,0,2],[98.1236572,185.347412,0,2],[98.8594208,187.159943,0,2],[99.2989502,188.397156,0,2],[99.6315079,189.616409,0,2],[99.8600845,191.267639,0,2],[99.8729019,193.108612,0,2],[99.8465652,194.279922,0,2],[99.8438263,197.63533,0,2],[99.8411713,200.968658,0,2]],"renderPriority":4,"textureLength":18}
{"class":"DecalRoad","persistentId":"11b045a9-fcdf-4e73-8a1a-4dd63ed170c9","__parent":"Road Architect - Road 30","position":[88.5100632,153.235382,0],"improvedSpline":true,"material":"m_tread_marks_clean","nodes":[[88.5100632,153.235382,0,3.5],[88.5096512,155.235382,0,3.5],[88.5198059,157.427689,0,3.5],[88.9588165,159.029404,0,3.5],[89.6346359,160.84024,0,3.5],[90.5356827,163.01947,0,3.5],[91.6184616,165.503693,0,3.5],[92.835762,168.214554,0,3.5],[94.1389084,171.068924,0,3.5],[95.4785004,173.98175,0,3.5],[96.8047256,176.866821,0,3.5],[98.0673599,179.636993,0,3.5],[99.215683,182.203751,0,3.5],[100.198006,184.475861,0,3.5],[100.960365,186.35463,0,3.5],[101.446335,187.725388,0,3.5],[101.82338,189.108292,0,3.5],[101.99836,190.099686,0,3.5],[102.103928,191.101257,0,3.5],[102.147308,192.113541,0,3.5],[102.122314,193.160263,0,3.5],[102.096519,194.294128,0,3.5],[102.093826,197.637115,0,3.5],[102.091171,200.970444,0,3.5]],"renderPriority":5,"textureLength":36}
{"class":"DecalRoad","persistentId":"479d83a9-08fe-41c9-8bdd-1cae2e497e4e","__parent":"Road Architect - Road 30","position":[88.5198059,157.427689,0],"improvedSpline":true,"material":"road_patches1","nodes":[[88.5198059,157.427689,0,3.5],[88.9588165,159.029404,0,3.5],[89.6346359,160.84024,0,3.5],[90.5356827,163.01947,0,3.5],[91.6184616,165.503693,0,3.5],[92.835762,168.214554,0,3.5],[94.1389084,171.068924,0,3.5],[95.4785004,173.98175,0,3.5],[96.8047256,176.866821,0,3.5],[98.0673599,179.636993,0,3.5],[99.215683,182.203751,0,3.5],[100.198006,184.475861,0,3.5],[100.960365,186.35463,0,3.5],[101.446335,187.725388,0,3.5]],"renderPriority":6,"startEndFade":[21.1957912,21.1957912],"textureLength":26}
{"class":"DecalRoad","persistentId":"d2783230-dc37-4d75-9cc4-a8e4c3aef642","__parent":"Road Architect - Road 30","position":[102.096519,194.294128,0],"improvedSpline":true,"material":"road_patches1","nodes":[[102.096519,194.294128,0,3.5],[102.093826,197.637115,0,3.5]],"renderPriority":7,"startEndFade":[2.16666698,2.16666698],"textureLength":26}
{"class":"DecalRoad","persistentId":"560f098d-4524-481d-ac82-358923a5a1f0","__parent":"Road Architect - Road 30","position":[102.096519,194.294128,0],"improvedSpline":true,"material":"road_patches1","nodes":[[102.096519,194.294128,0,3.5],[102.093826,197.637115,0,3.5]],"renderPriority":8,"startEndFade":[2.16666698,2.16666698],"textureLength":26}
{"class":"DecalRoad","persistentId":"e579b6c1-69f9-44a1-93c3-c2e18d87bf18","__parent":"Road Architect - Road 30","position":[102.093826,197.637115,0],"improvedSpline":true,"material":"road_patches1","nodes":[[102.093826,197.637115,0,3.5],[102.091171,200.970444,0,3.5]],"renderPriority":9,"startEndFade":[2.16666698,2.16666698],"textureLength":26}
