{"name":"Sidewalk_33_1","class":"ProceduralMesh","__parent":"Road Architect - Road 33"}
{"name":"Curb_33_1","class":"ProceduralMesh","__parent":"Road Architect - Road 33"}
{"name":"Sidewalk_33_3","class":"ProceduralMesh","__parent":"Road Architect - Road 33"}
{"name":"Curb_33_3","class":"ProceduralMesh","__parent":"Road Architect - Road 33"}
{"name":"italy_traf_sign_crossroad.dae 33- single -3","class":"TSStatic","__parent":"Road Architect - Road 33","position":[122.730042,111.223618,0.0210001171],"decalType":"None","isRenderEnabled":false,"rotationMatrix":[0.999998331,-0.00181564444,0,0.00181564444,0.999998331,9.89412285e-08,-1.79642107e-10,-9.89410722e-08,1],"shapeName":"/art/shapes/garage_and_dealership/Clutter/italy_traf_sign_crossroad.dae"}
{"class":"DecalRoad","persistentId":"cad9bab0-612c-4337-8feb-bea8cd3b543e","__parent":"Road Architect - Road 33","position":[118.770271,102.679466,0],"autoLanes":false,"drivability":1,"improvedSpline":true,"lanesLeft":0,"lanesRight":0,"material":"road_invisible","nodes":[[118.770271,102.679466,0,3.5],[118.769363,104.679466,0,3.5],[118.768456,106.675697,0,3.5],[118.781464,111.786079,0,3.5],[118.781464,113.789284,0,3.5],[118.781464,115.789284,0,3.5],[118.781464,117.789284,0,3.5],[118.781464,119.789284,0,3.5]],"oneWay":true,"renderPriority":11,"textureLength":36}
{"class":"DecalRoad","persistentId":"b07cd9fa-c236-43e3-866c-3547ed0c778a","__parent":"Road Architect - Road 33","position":[117.231468,119.789284,0],"improvedSpline":true,"material":"m_line_white","nodes":[[117.231468,119.789284,0,0.25],[117.231468,117.789284,0,0.25],[117.231468,115.789284,0,0.25],[117.231468,113.789284,0,0.25],[117.231468,111.788918,0,0.25],[117.21846,106.678337,0,0.25],[117.21936,104.678764,0,0.25],[117.220268,102.678764,0,0.25]],"renderPriority":1}
{"class":"DecalRoad","persistentId":"282db1b3-29e3-4743-84c6-88800fade623","__parent":"Road Architect - Road 33","position":[120.331467,119.789284,0],"improvedSpline":true,"material":"m_line_white","nodes":[[120.331467,119.789284,0,0.25],[120.331467,117.789284,0,0.25],[120.331467,115.789284,0,0.25],[120.331467,113.789284,0,0.25],[120.331459,111.783241,0,0.25],[120.318451,106.673058,0,0.25],[120.319359,104.680168,0,0.25],[120.320267,102.680168,0,0.25]],"renderPriority":2}
{"class":"DecalRoad","persistentId":"fcfc640a-4492-41e6-a410-2a1d89fb644e","__parent":"Road Architect - Road 33","position":[118.781464,119.789284,0],"improvedSpline":true,"material":"m_tread_marks_clean","nodes":[[118.781464,119.789284,0,3.5],[118.781464,117.789284,0,3.5],[118.781464,115.789284,0,3.5],[118.781464,113.789284,0,3.5],[118.781464,111.786079,0,3.5],[118.768456,106.675697,0,3.5],[118.769363,104.679466,0,3.5],[118.770271,102.679466,0,3.5]],"renderPriority":4,"textureLength":36}
{"class":"DecalRoad","persistentId":"8f7ff11d-ea43-49c5-898f-646071473ef0","__parent":"Road Architect - Road 33","position":[118.769363,104.679466,4.21000576],"improvedSpline":true,"material":"road_patches1","nodes":[[118.769363,104.679466,4.21000576,3.5]],"renderPriority":5,"startEndFade":[0.649999976,0.649999976],"textureLength":26}
{"class":"DecalRoad","persistentId":"c321f466-3d1c-4f24-a4a2-faf8c17fdb69","__parent":"Road Architect - Road 33","position":[118.781464,117.789284,0],"improvedSpline":true,"material":"road_patches1","nodes":[[118.781464,117.789284,0,3.5],[118.781464,115.789284,0,3.5]],"renderPriority":6,"startEndFade":[1.29999995,1.29999995],"textureLength":26}
{"class":"DecalRoad","persistentId":"d8083acc-251e-430f-a177-b9a17dce629c","__parent":"Road Architect - Road 33","position":[118.781464,117.789284,0],"improvedSpline":true,"material":"road_patches1","nodes":[[118.781464,117.789284,0,3.5],[118.781464,115.789284,0,3.5]],"renderPriority":7,"startEndFade":[1.29999995,1.29999995],"textureLength":26}
{"class":"DecalRoad","persistentId":"76d028af-97b6-4674-b891-e907b37b5048","__parent":"Road Architect - Road 33","position":[118.769363,104.679466,4.21000576],"improvedSpline":true,"material":"road_patches1","nodes":[[118.769363,104.679466,4.21000576,3.5]],"renderPriority":8,"startEndFade":[0.649999976,0.649999976],"textureLength":26}
