{"name":"italy_traf_sign_keep_right.dae 23- single -5","class":"TSStatic","__parent":"Road Architect - Road 23","position":[103.966591,57.5667114,0.0210002083],"decalType":"None","isRenderEnabled":false,"rotationMatrix":[0.993107438,-0.117207415,-1.29764976e-06,0.117207415,0.993107438,-0.000146210266,1.84256314e-05,0.000145050421,1],"shapeName":"/art/shapes/garage_and_dealership/Clutter/italy_traf_sign_keep_right.dae"}
{"class":"DecalRoad","persistentId":"e51d80da-1059-43ac-a10f-11cf7d7b557f","__parent":"Road Architect - Road 23","position":[105.636475,46.7249489,0],"autoLanes":false,"drivability":1,"improvedSpline":true,"lanesLeft":0,"lanesRight":0,"material":"road_invisible","nodes":[[105.636475,46.7249489,0,3.5],[105.635796,50.0582848,0,3.5],[105.635094,53.4002151,0,3.5],[105.612724,54.534111,0,3.5],[105.59095,55.5905457,0,3.5],[105.630486,56.6070671,0,3.5],[105.873634,58.4796333,0,3.5],[106.195442,59.8133469,0,3.5],[106.716652,61.500412,0,3.5],[107.549019,63.8734818,0,3.5],[108.625618,66.7789612,0,3.5],[109.880089,70.072052,0,3.5],[111.2481,73.6151123,0,3.5],[112.666107,77.2730103,0,3.5],[114.071022,80.9119034,0,3.5],[115.400108,84.3990784,0,3.5],[116.591232,87.6035995,0,3.5],[117.58342,90.3987503,0,3.5],[118.318916,92.6716766,0,3.5],[118.763603,94.4891968,0,3.5],[118.77298,96.6794662,0,3.5],[118.772079,98.6794662,0,3.5]],"oneWay":true,"renderPriority":13,"textureLength":36}
{"class":"DecalRoad","persistentId":"f52696a0-6ae2-4cfe-bf7c-ab9b72e9ae3a","__parent":"Road Architect - Road 23","position":[117.222076,98.6787643,0],"improvedSpline":true,"material":"m_line_white","nodes":[[117.222076,98.6787643,0,0.25],[117.222984,96.6787643,0,0.25],[117.22271,94.6570206,0,0.25],[116.832352,93.1105499,0,0.25],[116.116432,90.8991928,0,0.25],[115.134697,88.1337051,0,0.25],[113.949577,84.9453888,0,0.25],[112.623871,81.4671249,0,0.25],[111.22052,77.8322754,0,0.25],[109.802521,74.1744003,0,0.25],[108.432915,70.6272049,0,0.25],[107.174805,67.3245316,0,0.25],[106.09137,64.4005051,0,0.25],[105.246033,61.990078,0,0.25],[104.702271,60.2292023,0,0.25],[104.356247,58.7959328,0,0.25],[104.185295,57.7497635,0,0.25],[104.083984,56.7111626,0,0.25],[104.041016,55.6054268,0,0.25],[104.063034,54.5032806,0,0.25],[104.085114,53.3922844,0,0.25],[104.085793,50.0579681,0,0.25],[104.086472,46.7246361,0,0.25]],"renderPriority":1}
{"class":"DecalRoad","persistentId":"42913691-804e-4ac8-8191-7f33ed84ff41","__parent":"Road Architect - Road 23","position":[120.322075,98.6801682,0],"improvedSpline":true,"material":"m_line_white","nodes":[[120.322075,98.6801682,0,0.25],[120.322983,96.6801682,0,0.25],[120.304489,94.321373,0,0.25],[119.805489,92.2327957,0,0.25],[119.050407,89.8983002,0,0.25],[118.04776,87.073494,0,0.25],[116.850639,83.8527603,0,0.25],[115.518166,80.3566818,0,0.25],[114.111702,76.7137527,0,0.25],[112.69368,73.0558243,0,0.25],[111.327255,69.5168915,0,0.25],[110.076424,66.2333832,0,0.25],[109.006668,63.3464546,0,0.25],[108.187271,61.0107422,0,0.25],[107.688614,59.3974915,0,0.25],[107.391022,58.1633339,0,0.25],[107.176987,56.5029716,0,0.25],[107.162422,54.5649414,0,0.25],[107.185074,53.4081421,0,0.25],[107.185791,50.0585976,0,0.25],[107.18647,46.7252655,0,0.25]],"renderPriority":2}
{"class":"DecalRoad","persistentId":"acddc19b-4822-4d4d-b9e8-72e3a9a257ff","__parent":"Road Architect - Road 23","position":[104.027931,60.4170074,0],"improvedSpline":true,"material":"m_road_asphalt_edge","nodes":[[104.027931,60.4170074,0,2],[104.581879,62.2112198,0,2],[105.433075,64.6385193,0,2],[106.5196,67.5709229,0,2],[107.779358,70.8779221,0,2],[109.149681,74.4269791,0,2],[110.567673,78.0848389,0,2],[111.970322,81.717865,0,2],[113.294495,85.1921082,0,2],[114.476906,88.3731079,0,2],[115.453918,91.1251984,0,2],[116.160995,93.308754,0,2],[116.526825,94.732811,0,2],[116.52298,96.6784515,0,2],[116.52253,97.6784515,0,2],[116.522079,98.6784515,0,2]],"renderPriority":3,"textureLength":18}
{"class":"DecalRoad","persistentId":"a3d32d52-edfb-41f8-a66f-1f5496dfb4a0","__parent":"Road Architect - Road 23","position":[121.022079,98.6804886,0],"improvedSpline":true,"material":"m_road_asphalt_edge","nodes":[[121.022079,98.6804886,0,2],[121.02298,96.6804886,0,2],[121.000374,94.2455826,0,2],[120.476837,92.0345993,0,2],[119.712921,89.6722946,0,2],[118.705551,86.8340912,0,2],[117.505722,83.606041,0,2],[116.171715,80.1059341,0,2],[114.764549,76.4611816,0,2],[113.346519,72.8032455,0,2],[111.98082,69.2661819,0,2],[110.731628,65.9869995,0,2],[109.664963,63.1084404,0,2],[108.851425,60.7896004,0,2],[108.362946,59.2096863,0,2],[108.076286,58.0204887,0,2],[107.875404,56.4559631,0,2],[107.862282,54.5788651,0,2],[107.885063,53.4117241,0,2],[107.885796,50.0587425,0,2],[107.886475,46.7254105,0,2]],"renderPriority":4,"textureLength":18}
{"class":"DecalRoad","persistentId":"b020a6dc-4ae3-44df-b761-9107a20e1a1a","__parent":"Road Architect - Road 23","position":[118.772079,98.6794662,0],"improvedSpline":true,"material":"m_tread_marks_clean","nodes":[[118.772079,98.6794662,0,3.5],[118.77298,96.6794662,0,3.5],[118.763603,94.4891968,0,3.5],[118.318916,92.6716766,0,3.5],[117.58342,90.3987503,0,3.5],[116.591232,87.6035995,0,3.5],[115.400108,84.3990784,0,3.5],[114.071022,80.9119034,0,3.5],[112.666107,77.2730103,0,3.5],[111.2481,73.6151123,0,3.5],[109.880089,70.072052,0,3.5],[108.625618,66.7789612,0,3.5],[107.549019,63.8734818,0,3.5],[106.716652,61.500412,0,3.5],[106.195442,59.8133469,0,3.5],[105.873634,58.4796333,0,3.5],[105.630486,56.6070671,0,3.5],[105.59095,55.5905457,0,3.5],[105.612724,54.534111,0,3.5],[105.635094,53.4002151,0,3.5],[105.635796,50.0582848,0,3.5],[105.636475,46.7249489,0,3.5]],"renderPriority":6,"textureLength":36}
{"class":"DecalRoad","persistentId":"d3d22e14-05de-4212-b383-e850e85b9126","__parent":"Road Architect - Road 23","position":[118.763603,94.4891968,0],"improvedSpline":true,"material":"road_patches1","nodes":[[118.763603,94.4891968,0,3.5],[118.318916,92.6716766,0,3.5],[117.58342,90.3987503,0,3.5],[116.591232,87.6035995,0,3.5],[115.400108,84.3990784,0,3.5],[114.071022,80.9119034,0,3.5],[112.666107,77.2730103,0,3.5],[111.2481,73.6151123,0,3.5],[109.880089,70.072052,0,3.5],[108.625618,66.7789612,0,3.5],[107.549019,63.8734818,0,3.5],[106.716652,61.500412,0,3.5],[106.195442,59.8133469,0,3.5]],"renderPriority":7,"startEndFade":[23.7910633,23.7910633],"textureLength":26}
{"class":"DecalRoad","persistentId":"ce6553b1-fe0a-4b6d-8db1-8dd4595945d9","__parent":"Road Architect - Road 23","position":[105.635094,53.4002151,0],"improvedSpline":true,"material":"road_patches1","nodes":[[105.635094,53.4002151,0,3.5],[105.635796,50.0582848,0,3.5]],"renderPriority":8,"startEndFade":[2.16666698,2.16666698],"textureLength":26}
{"class":"DecalRoad","persistentId":"821c4db0-7ec5-4ffa-a407-62703cd8af5b","__parent":"Road Architect - Road 23","position":[105.635094,53.4002151,0],"improvedSpline":true,"material":"road_patches1","nodes":[[105.635094,53.4002151,0,3.5],[105.635796,50.0582848,0,3.5]],"renderPriority":9,"startEndFade":[2.16666698,2.16666698],"textureLength":26}
{"class":"DecalRoad","persistentId":"e9dc2989-b262-4393-af4a-c9e6f3b3abc8","__parent":"Road Architect - Road 23","position":[105.635796,50.0582848,0],"improvedSpline":true,"material":"road_patches1","nodes":[[105.635796,50.0582848,0,3.5],[105.636475,46.7249489,0,3.5]],"startEndFade":[2.16666698,2.16666698],"textureLength":26}
